Pas 0:
1,2,3,4,6,7,8,10,11,12,13,15,16,17,18,19,20,21,23,24,25,27,28,29,30,32,33,34,35,36,37,38,40,41,44,45,46,48,49,50

Pas 1: (3 subgrupe)
G1: 1,2,3,4,5,6,7,10,11,12,13,14,15,16,17
G2: 18,19,20,21,22,23,26,27,28,29,30,31,32,33,34
G3: 35,36,37,38,39,40,41,44,45,46,47,48,49,50

Pas 2: (6 subgrupe)
G1: 1,2,3,4,5,6,7,8  (-5)
G2: 10,11,12,13,14,15,16,17 (-14)
G3: 18,19,20,21,22,23,24,25 (-22)
G4: 27,28,29,30,31,32,33,34 (-31)
G5: 35,36,37,38,39,40,41 (-39)
G6: 44,45,46,47,48,49,50 (-47)


Pas3: (12 subgrupe)
G1: 1 2 3
G2: 6 7 8
G3: 10 11 12
G4: 15 16 17
G5: 18 19 20
G6: 23 24 25
G7: 27 28 29
G8: 32 33 34
G9: 35 36 37
G10: 40 41 42
G11: 43 44 45
G12: 48 49 50

Pas4 (24 subgrupe) (pas final p=2)
1 3 6 8 10 12 15 17 18 20 23 25 27 29 32 34 35 37 40 42 43 45 58 50